1 0
2 0
3 0
4 0
5 0
6 0
7 0
8 0
9 0
10 0
11 0
13 12
14 12
15 12
17 16
19 18
20 18
21 18
23 22
25 24
27 26
28 26
30 29
31 29
32 29
33 29
35 34
36 34
37 34
39 38
40 38
41 38
42 38
44 43
45 43
46 43
48 47
50 49
52 51
53 51
55 54
57 56
58 56
59 56
61 60
63 62
65 64
67 66
68 66
70 69
72 71
73 71
74 71
75 71
76 71
78 77
80 79
81 79
83 82
85 84
87 86
89 88
91 90
92 90
94 93
96 95
97 95
99 98
100 98
101 98
103 102
105 104
107 106
108 106
109 106
110 106
112 111
114 113
115 113
116 113
117 113
118 113
119 113
121 120
122 120
124 123
125 123
126 123
127 19
128 19
130 129
132 131
134 133
135 133
136 133
138 137
140 139
141 139
143 142
145 144
147 146
148 146
149 146
150 146
151 146
152 146
153 146
155 154
157 156
158 156
135 156
136 156
160 159
162 161
163 161
164 161
165 161
133 134
136 134
167 166
169 168
170 168
171 168
172 168
173 168
175 174
176 174
178 177
180 179
181 179
182 179
183 179
184 179
185 179
186 179
187 179
189 188
190 188
191 188
192 188
193 188
194 188
33 188
196 195
197 195
198 195
151 195
136 195
199 195
201 200
202 200
204 203
206 205
207 205
209 208
210 208
212 211
213 211
214 211
216 215
217 215
219 218
220 218
130 221
223 222
224 222
225 222
227 226
96 228
230 229
232 231
234 233
235 233
236 233
210 237
239 238
241 240
242 240
39 243
33 243
245 244
246 244
34 35
36 35
37 35
248 247
79 249
251 250
253 252
255 254
257 256
258 256
260 259
261 259
262 259
263 259
264 259
265 259
266 259
267 259
269 268
271 270
272 270
273 270
275 274
276 274
278 277
279 277
280 277
281 277
282 277
283 277
285 284
287 286
220 286
289 288
291 290
293 292
294 292
295 292
296 292
297 292
299 298
300 298
302 301
304 303
306 305
308 307
310 309
223 309
224 309
225 309
312 311
39 313
314 313
316 315
318 317
319 317
320 317
321 317
322 317
323 317
325 324
326 324
327 324
329 328
330 328
332 331
39 333
335 334
337 336
338 336
339 336
340 336
13 336
341 336
342 336
344 343
346 345
347 345
348 345
349 345
350 345
351 345
68 345
352 345
354 353
356 355
357 355
358 355
359 355
161 360
348 360
361 360
362 360
363 360
272 360
364 360
365 360
366 360
367 360
14 360
368 360
163 360
369 360
370 360
371 354
158 157
89 372
373 158
374 158
321 375
376 375
377 375
378 375
379 375
45 375
381 380
382 380
383 380
384 380
385 380
386 380
388 387
390 389
391 389
392 389
394 393
395 393
272 396
116 397
399 398
400 398
402 401
403 401
40 401
41 401
404 401
405 401
42 401
407 406
408 406
409 406
410 406
379 406
164 406
411 406
413 412
414 412
415 412
417 416
419 418
39 420
422 421
423 421
147 424
148 424
149 424
425 424
427 426
429 428
431 430
432 430
433 430
434 430
435 430
436 430
164 430
437 304
439 438
441 440
442 440
444 443
446 445
447 445
448 445
449 445
450 445
451 445
452 445
454 453
456 455
458 457
459 457
460 99
461 99
463 462
465 464
466 464
467 464
468 464
469 464
470 464
471 464
472 464
473 464
475 474
476 474
478 477
480 479
96 479
482 481
484 483
485 483
487 486
489 488
491 490
492 490
494 493
495 493
497 496
498 496
499 496
500 147
149 147
501 147
441 502
442 502
52 503
53 503
505 504
507 506
508 506
509 506
511 510
513 512
515 514
516 514
340 337
518 517
520 519
521 519
522 519
523 519
525 524
526 524
527 524
528 524
529 524
530 524
531 524
171 532
172 532
534 533
275 533
536 535
537 535
160 538
540 539
541 539
542 539
543 539
544 539
141 140
545 140
547 546
548 546
196 549
216 549
550 549
150 549
425 549
151 549
152 549
153 549
551 549
407 552
553 552
379 552
555 554
557 556
558 556
560 559
561 559
563 562
565 564
566 564
377 564
567 564
569 568
571 570
573 572
575 574
189 574
190 574
193 574
577 576
15 578
579 578
581 580
583 582
76 73
584 80
585 80
586 80
587 80
589 588
338 590
339 590
591 590
593 592
595 594
597 596
599 598
601 600
525 293
526 293
530 293
602 169
603 169
605 604
607 606
609 608
610 608
612 611
101 394
186 613
482 613
615 614
617 616
619 618
14 618
621 620
623 622
496 622
625 624
626 624
628 627
629 627
66 630
430 630
631 630
162 630
632 630
44 630
633 630
436 630
164 630
165 630
635 634
53 52
637 636
638 636
639 636
640 636
39 641
642 641
643 641
644 641
645 641
646 641
647 641
648 641
650 649
651 649
653 652
654 652
656 655
658 657
408 659
660 659
379 659
662 661
663 661
664 661
666 665
594 665
668 667
670 669
671 669
672 669
633 669
673 669
6 669
555 669
674 669
675 669
676 669
678 677
680 679
682 681
683 681
684 681
531 685
687 686
589 688
689 688
690 688
163 688
691 688
692 688
693 688
695 694
696 694
698 697
699 697
701 700
702 700
704 703
706 705
707 705
709 708
327 708
400 399
350 710
711 710
713 712
715 714
716 209
717 209
718 209
719 209
720 209
722 721
724 723
500 148
149 148
501 148
726 725
632 727
728 727
729 727
730 727
731 727
732 78
734 733
735 733
737 736
738 736
71 74
72 74
73 74
76 74
740 739
402 741
742 1
743 1
283 1
258 744
746 745
747 745
749 748
751 750
752 750
754 753
756 755
757 755
759 758
760 758
761 758
762 758
764 763
766 765
591 339
407 339
768 767
769 767
771 770
597 772
773 772
774 772
776 775
778 777
779 777
781 780
783 782
409 784
786 785
788 787
789 787
791 790
745 792
793 792
587 794
795 794
797 796
798 346
599 346
799 346
801 800
803 802
540 804
541 804
542 804
543 804
544 804
806 805
807 318
809 808
811 810
813 812
814 812
815 812
817 816
50 818
820 819
822 821
824 823
39 825
434 826
827 826
266 826
828 826
354 829
371 829
830 829
831 829
833 832
835 834
836 834
537 834
838 837
839 837
840 837
599 837
841 837
843 842
845 844
847 846
849 848
850 848
851 848
852 848
854 853
856 855
319 857
858 857
321 857
859 857
860 381
432 813
861 813
863 862
864 862
866 865
867 865
291 865
868 865
869 39
33 39
871 870
867 872
39 873
648 873
870 874
446 874
875 874
871 874
877 876
879 878
881 880
882 446
884 883
886 885
885 887
886 887
410 589
889 888
890 210
891 210
892 210
544 541
119 114
894 893
896 895
897 57
283 898
900 899
902 901
904 903
905 903
495 906
907 906
908 906
909 906
911 910
546 912
209 912
913 912
772 914
915 914
5 914
916 847
892 917
844 918
920 919
163 921
922 921
924 923
926 925
928 927
929 927
930 927
354 931
348 931
754 931
362 931
527 931
349 931
410 931
367 931
163 931
932 931
351 931
205 933
934 933
935 933
936 933
937 933
338 938
340 938
939 938
940 938
941 938
558 938
942 938
943 938
379 938
944 938
945 938
946 938
947 938
949 948
951 950
953 952
955 954
957 956
959 958
960 958
962 961
597 963
773 963
774 963
964 115
586 965
29 966
967 966
968 966
970 969
122 969
972 971
974 973
976 975
978 977
979 977
980 977
160 981
982 981
984 983
588 985
883 985
706 985
363 985
707 985
436 985
757 985
14 985
523 985
986 985
988 987
989 987
66 990
991 990
392 992
994 993
446 995
447 995
448 995
449 995
450 995
451 995
452 995
997 996
855 998
856 998
1000 999
1001 999
1003 1002
1005 1004
1006 1004
1007 1004
1008 671
1009 671
675 671
1011 1010
967 1012
670 1013
1014 1013
1015 1013
1016 1013
1017 1013
1018 1013
1019 1013
1020 1013
281 1013
1021 1013
674 1013
1022 1013
1023 1013
742 1024
1025 1024
1027 1026
293 1028
1029 1028
1030 1028
1031 1028
1032 1028
1033 1028
295 1028
297 1028
588 1034
688 1034
589 1034
362 1034
281 1034
14 1034
1035 1034
1036 1034
1037 1034
1039 1038
1040 1038
1042 1041
28 1041
1043 1041
171 1044
269 1045
1047 1046
1049 1048
266 1048
1051 1050
1053 1052
1054 1052
1055 1052
96 1056
511 1057
7 1058
631 672
671 672
1059 672
434 672
530 672
1060 672
1061 672
1040 1039
1063 1062
1064 1062
66 1065
1066 1065
72 1067
73 1067
1068 1067
965 1067
1069 1067
336 1070
338 1070
339 1070
340 1070
939 1070
13 1070
264 1070
660 1070
379 1070
1071 1070
342 1070
947 1070
293 1072
1029 1072
1073 1072
1074 1072
1075 1072
1076 1072
295 1072
1060 1072
297 1072
1077 1072
1078 1072
431 632
432 632
433 632
434 632
435 632
436 632
164 632
1080 1079
585 1079
1081 1079
1082 1079
1083 1079
1084 1079
1086 1085
1087 1085
1088 1085
1090 1089
364 361
922 361
392 1091
1093 1092
565 1094
566 1094
377 1094
567 1094
874 1095
458 1095
781 1095
980 1095
1097 1096
124 1098
1099 1098
1101 1100
892 1100
1013 1102
1015 1102
1104 1103
14 1103
1105 1059
1106 1059
1107 1059
526 1059
1108 1059
379 1059
1109 1059
1111 1110
1112 1110
1113 1110
1114 1110
1116 1115
158 1117
1118 1117
1120 1119
401 1121
657 1121
284 1122
1123 1122
1124 1122
1125 1122
1126 1122
1127 1122
1128 1122
352 1122
1130 1129
1132 1131
1133 1131
1135 1134
1136 1134
1138 1137
903 1139
1140 1139
1141 1139
1088 1142
1144 1143
1145 1143
1146 1143
1147 1143
34 1148
35 1148
37 1148
1149 1148
1151 1150
899 1150
1152 1150
14 1153
550 1154
1155 1154
1156 1154
116 1154
10 1154
590 1157
340 1157
589 1157
13 1157
689 1157
1106 1157
901 1157
1158 1157
1159 1157
1160 1157
526 1157
1108 1157
1161 1157
528 1157
1162 1157
1031 1157
530 1157
1163 1157
909 1157
1164 1157
1009 1157
296 1157
943 1157
1165 1157
1166 1157
1167 1157
1168 1157
1169 1157
1171 1170
957 1172
1173 1172
1175 1174
515 1174
1176 1174
1177 1174
1178 1174
516 1174
63 1179
1181 1180
1182 1180
1183 1180
349 1180
1184 1180
400 1185
928 1186
929 1186
930 1186
1187 1186
1188 1186
1189 1186
50 1186
14 1186
1190 1186
369 1186
292 1191
293 1191
295 1191
1192 1191
1194 1193
1195 1193
1196 1193
1197 1193
1198 1193
1199 1193
1201 1200
353 831
371 831
707 1202
1203 1202
1204 1202
1206 1205
1207 1205
1014 362
278 362
1208 362
1209 362
1008 362
1210 362
675 362
571 362
1212 1211
1214 1213
444 1213
636 403
1215 403
1216 403
1218 1217
424 1219
425 1219
1221 1220
1223 1222
1225 1224
1227 1226
1228 518
39 1229
1231 1230
42 1230
458 1232
1234 1233
1236 1235
1238 1237
412 1239
1240 1239
100 1241
1243 1242
1245 1244
1246 553
527 553
1166 553
1247 553
1248 553
407 261
1249 261
1251 1250
50 1252
1254 1253
389 1255
992 1255
1256 1255
1091 1255
1257 1255
1258 1255
1259 1255
1148 1255
1260 1255
1261 1255
1262 1255
1263 1255
1264 1255
1265 1255
1266 1255
1267 1255
1268 1255
1269 1255
1270 1255
1271 1255
1272 1255
1274 1273
1262 1275
928 1276
929 1276
930 1276
1278 1277
1280 1279
1282 1281
96 1283
97 1283
1285 1284
136 1284
534 275
1287 1286
1288 1286
1290 1289
1291 1112
1111 1112
1110 1112
1113 1112
1114 1112
1293 1292
1294 1015
1295 1015
1294 1295
1297 1296
1298 1296
1299 1296
939 1296
897 1296
1300 1296
1301 1296
1303 1302
1303 1304
1303 1305
1307 1306
1309 1308
1311 1310
1312 1310
1310 1313
524 1314
529 1314
531 1314
1316 1315
1318 1317
1320 1319
932 1321
1323 1322
1063 1322
1324 1322
1325 1322
1326 1322
1287 1327
1328 1327
1329 1327
1331 1330
1333 1332
1334 1332
1335 1332
186 1332
1001 1336
1337 325
326 325
1339 1338
1340 1338
1342 1341
1344 1343
1346 1345
456 1345
1347 1345
1348 1345
5 1345
1350 1349
1352 1351
1116 1353
1355 1354
885 1356
886 1356
1086 886
1087 886
59 886
1357 886
1088 886
856 1358
72 1359
73 1359
74 1359
1360 1359
1361 1359
1362 1359
1363 1359
344 1300
1365 1364
1367 1366
1369 1368
1083 1368
1293 1370
531 1370
1000 1371
1373 1372
1374 1372
1375 1373
768 1376
1377 1376
1205 1378
1206 1378
662 1379
663 1379
41 40
1139 1380
1140 1380
1382 1381
1383 1381
293 1384
1029 1384
1073 1384
1074 1384
1075 1384
1076 1384
295 1384
1060 1384
297 1384
1077 1384
1078 1384
1386 1385
1388 1387
1389 1387
612 1387
330 1387
815 814
1391 1390
1392 1390
298 1393
300 1393
1394 1393
96 1196
40 1395
41 1395
33 1254
1397 1396
1398 1396
1400 1399
1402 1401
1403 1401
1404 1401
1405 1401
1406 1405
972 1407
1344 1408
1410 1409
696 1411
289 1412
1414 1413
1190 1415
1417 1416
1419 1418
1420 1418
1422 1421
1422 1016
1424 1423
906 907
854 1425
1427 1426
1429 1428
1431 1430
1433 1432
1208 1432
1434 1432
577 1432
1208 1435
1436 1435
1438 1437
1440 1439
284 1441
1442 1441
1443 1441
1444 1441
1122 1441
1445 1441
942 1441
1446 1441
1127 1441
876 683
766 683
1447 683
1448 683
903 1449
1450 1449
1451 1449
1453 1452
1454 1452
1452 1455
1456 1455
1458 1457
1459 1445
942 1445
1124 1460
1461 1460
1462 1460
660 1460
1463 1087
1465 1464
1467 1466
1469 1468
1011 1470
1471 1470
1472 1470
898 1471
644 1471
496 1472
1453 1472
1452 1472
1455 1472
1454 1472
1471 1472
1473 1472
1474 1472
1456 1472
476 1472
526 525
1474 1475
1476 1475
1475 1473
1475 1474
1473 1474
1081 1477
1479 1478
1481 1480
545 1482
377 566
524 1483
631 1483
901 1483
1484 1483
1485 1483
1246 1483
1486 1483
1487 1483
553 1483
525 1483
1488 1483
786 1483
1161 1483
528 1483
529 1483
1162 1483
1489 1483
530 1483
1490 1483
1491 1483
1492 1483
1493 1483
1009 1483
379 1483
1494 1483
1495 1483
1496 1483
1166 1483
214 1483
1247 1483
1497 1483
1248 1483
1498 1483
1290 1488
1500 1499
491 1499
1502 1501
329 1501
1362 1501
180 1503
181 1503
182 1503
183 1503
184 1503
185 1503
186 1503
187 1503
1505 1504
1178 1506
144 1507
570 1507
990 1507
1508 1507
1509 1507
712 713
1510 713
712 1510
713 1510
1320 1511
1512 1511
1514 1513
1516 1515
1518 1517
1515 1517
1519 1517
1520 1517
932 1521
1522 1521
136 1523
160 1523
293 1524
1029 1524
1030 1524
1031 1524
1032 1524
295 1524
297 1524
1192 1524
783 1525
1105 1526
1527 1526
1246 1526
671 1526
1528 1526
435 1526
1108 1526
1529 1526
1210 1526
1105 1528
435 1528
1108 1528
1531 1530
1463 1532
1450 1532
1533 1227
750 1534
751 1534
1535 1534
282 1534
1537 1536
40 1538
41 1538
1540 1539
418 1541
419 1541
1542 1541
1543 1541
1297 1544
172 1544
1546 1545
1547 1545
1548 1545
1550 1549
987 1551
989 1551
1553 1552
1555 1554
1554 1555
1556 1555
110 108
1558 1557
546 1559
1560 1559
808 3
936 3
1561 3
1562 3
1563 3
709 1564
1565 991
1567 1566
1568 1566
600 1569
601 1569
1566 601
1567 601
1570 601
1567 1570
1570 1568
774 597
772 773
915 773
5 773
5 915
1572 1571
115 1573
1574 1573
115 1574
1575 1574
115 121
1576 121
1577 121
970 121
1579 1578
1581 1580
1582 1580
1583 1580
1585 1584
1586 1584
1587 1584
1582 1584
781 1584
1588 1584
1589 1584
1590 1584
1592 1591
1593 1591
1594 1591
259 1591
336 1591
524 1591
338 1591
552 1591
1595 1591
659 1591
1105 1591
1596 1591
631 1591
340 1591
1597 1591
1598 1591
13 1591
689 1591
1599 1591
1600 1591
901 1591
591 1591
407 1591
432 1591
1601 1591
1602 1591
1603 1591
1604 1591
1605 1591
1171 1591
1484 1591
1485 1591
1606 1591
1486 1591
1607 1591
1487 1591
261 1591
1159 1591
1314 1591
1160 1591
525 1591
526 1591
1608 1591
786 1591
1609 1591
1610 1591
435 1591
1108 1591
1611 1591
263 1591
1612 1591
1161 1591
528 1591
529 1591
1162 1591
1489 1591
1209 1591
1613 1591
530 1591
1490 1591
1491 1591
1492 1591
1493 1591
1614 1591
410 1591
1615 1591
531 1591
1616 1591
660 1591
1617 1591
266 1591
828 1591
1009 1591
258 1591
943 1591
379 1591
1618 1591
1619 1591
1494 1591
1620 1591
1495 1591
1165 1591
1621 1591
1622 1591
1623 1591
1166 1591
1624 1591
1625 1591
1626 1591
571 1591
1247 1591
1627 1591
1628 1591
1109 1591
267 1591
1629 1591
1497 1591
1630 1591
947 1591
1631 1609
786 1609
321 279
1632 279
860 1633
1177 1634
515 1176
1174 1176
1177 1176
742 1176
516 1176
515 1177
516 1177
768 769
1636 1635
1637 1635
118 1638
1640 1639
813 861
1642 1641
1644 1643
1646 1645
1647 1645
1645 1648
1646 1648
1647 1648
1647 1649
1648 1006
1649 1006
1647 1006
1650 1647
1651 280
1627 1652
333 1653
420 1653
967 1653
1654 1653
39 1653
1012 1653
30 1653
1655 1653
33 1653
530 1656
1658 1657
1660 1659
1662 1661
1663 1661
1664 1661
1308 1661
449 1661
1665 1661
1309 1661
1666 1661
1668 1667
1333 1669
1671 1670
1673 1672
1674 1672
552 1610
1365 1675
1676 1675
874 1675
446 1675
1677 1675
1454 1675
458 1675
875 1675
974 1675
1678 1675
1679 1675
875 1680
809 1680
870 458
446 458
875 458
871 458
1095 1681
1480 1681
1171 1682
1684 1683
1685 1146
642 644
643 645
336 940
337 940
338 940
339 940
340 940
13 940
1030 940
264 940
558 940
341 940
944 940
1686 940
342 940
641 1687
283 1688
885 1689
887 1689
642 1689
1086 1689
1356 1689
886 1689
1690 1689
1691 1689
1019 1017
1019 1018
1693 1692
1695 1694
1650 716
1009 1696
1698 1697
1103 1697
1275 1697
1276 1697
1277 1697
1699 1697
1700 1697
1701 1697
890 1697
14 1697
1276 1699
1277 1699
547 1699
14 1702
807 320
662 1703
997 1703
663 1703
96 1704
1151 1705
899 1705
1706 1705
1707 1705
1152 1705
1709 1708
934 1710
937 1710
1539 1540
1712 1711
1712 1713
1714 583
1287 1714
1715 1714
1064 1063
1716 1063
1716 1064
1718 1717
582 1719
121 1576
1720 1576
815 191
1722 1721
1723 1721
527 1724
530 1724
1621 1724
1246 527
524 1725
552 1725
1105 1725
901 1725
1602 1725
1485 1725
1486 1725
1487 1725
553 1725
1370 1725
525 1725
1483 1725
1488 1725
786 1725
1610 1725
527 1725
435 1725
1108 1725
529 1725
1162 1725
1489 1725
530 1725
1490 1725
1492 1725
531 1725
266 1725
828 1725
258 1725
379 1725
1620 1725
1726 1725
1727 1725
1247 1725
1728 1725
1498 1725
1593 1729
39 1730
1731 1730
1538 1730
1732 1730
272 1730
1733 1730
461 1730
1734 1730
602 1730
869 1730
1628 1730
603 1730
1736 1735
1737 1735
209 61
210 61
1738 61
913 61
1739 61
1542 1740
942 1741
340 1742
558 557
1744 1743
1428 1745
1141 1745
1746 1745
1632 1745
1546 1747
1105 435
1749 1748
1538 1748
1750 1748
1733 1748
461 1748
1751 1748
1752 1748
1105 1108
1030 1108
435 1108
1754 1753
1755 1753
1757 1756
515 1756
1758 1756
1191 1756
1188 1756
1623 1756
516 1756
1759 1756
1760 1756
1761 1756
1763 1762
809 1764
1766 1765
763 1767
1374 1767
189 1768
1731 1768
190 1768
1769 1768
1731 1769
1768 1769
1732 1769
192 1769
189 192
190 192
639 1770
640 1770
1771 1611
1772 1611
1773 1611
640 1611
1109 1611
1775 1774
537 1775
1777 1776
936 935
101 1778
1053 1055
1780 1779
1782 1781
1783 1781
1527 1782
377 1782
1035 1782
1784 835
1786 1785
835 1785
1788 1787
1789 1334
593 1334
186 1334
1791 1790
162 1790
1792 1790
164 1790
1597 1612
1051 32
31 32
1794 1793
1795 1793
1797 1796
410 1798
379 1798
812 633
689 633
1013 633
281 633
46 633
1799 633
676 633
292 673
293 673
297 673
901 1161
164 1161
1800 58
1801 58
1434 1436
1803 1802
1804 1802
1806 1805
864 863
862 1807
863 1807
864 1807
558 264
341 264
379 264
270 1808
345 1808
360 1808
354 1808
371 1808
830 1808
1014 1808
278 1808
1208 1808
931 1808
671 1808
672 1808
1072 1808
361 1808
1059 1808
1180 1808
1384 1808
1209 1808
1809 1808
1008 1808
1810 1808
1020 1808
365 1808
379 1808
14 1808
1210 1808
1811 1808
675 1808
571 1808
1676 1812
239 1812
1814 1813
909 1813
377 1813
378 1813
1816 1815
1817 1815
1818 1815
1817 1818
1820 1819
1819 1820
1822 1821
1823 1821
1825 1824
1827 1826
1187 1828
1830 1829
1506 1829
1831 1829
1832 1829
96 1833
1835 1834
1837 1836
495 1838
1196 1838
908 1838
544 1838
233 1839
1840 1839
1047 1841
1842 1841
1843 1841
524 529
524 1162
529 1162
379 1162
1845 1844
524 1489
689 1489
1631 1489
1485 1489
1486 1489
1487 1489
525 1489
529 1489
530 1489
1492 1489
531 1489
1620 1489
1495 1489
1165 1489
1498 1489
1846 1324
1848 1847
1849 1847
1851 1850
1058 1850
1852 1850
1854 1853
443 1853
1851 1853
1058 1853
1855 1853
1856 1853
1850 1853
1857 1853
587 1853
1858 1853
1859 1853
1860 1853
1852 1853
1861 1853
1862 1853
444 1853
1864 1863
1866 1865
1868 1867
1869 1867
1870 1867
1872 1871
1547 1873
1875 1874
1877 1876
1665 1878
1878 1879
882 1879
1881 1880
1882 1880
1883 1880
1884 1880
1885 1880
656 1880
1886 1880
1887 1880
857 1888
319 1888
321 1888
1676 1889
239 1890
1892 1891
1894 1893
586 1895
1897 1896
1192 1031
1029 1032
1031 1032
212 1032
1727 1032
1192 1032
696 1898
50 1899
1106 1209
950 1900
951 1900
1306 1900
1901 1900
1902 1900
1903 1900
1904 1900
1906 1905
345 1907
546 1907
293 1907
618 1907
912 1907
619 1907
1908 1907
14 1907
1909 1720
1910 1720
1911 1720
1912 1720
610 1720
1913 1613
1663 1914
1915 1914
1209 1809
1020 1809
1345 5
773 5
96 5
1917 1916
597 1916
1767 1918
1920 1919
1246 1490
434 1490
1492 1490
1009 1490
1728 1490
1922 1921
892 1921
1924 1923
283 1925
1926 1218
390 392
992 1260
1928 1927
903 1929
1931 1930
1494 1930
336 1932
338 1932
339 1932
340 1932
939 1932
13 1932
1122 1932
1441 1932
1445 1932
264 1932
1931 1932
660 1932
379 1932
1071 1932
342 1932
946 1932
947 1932
664 1516
1934 1933
409 1933
1434 577
576 1935
1936 1935
1458 1935
576 1458
1938 1937
1940 1939
1942 1941
1941 1943
1942 1943
1945 1944
1947 1946
157 1948
158 1948
374 1948
198 1948
1949 1948
395 1948
1950 1948
1210 1951
911 1952
432 1491
1953 1491
1955 1954
499 1956
545 1957
1519 1958
1959 1406
1163 1492
1251 1960
1962 1961
1963 543
542 543
1678 1964
1966 1965
1968 1967
1969 1967
809 1967
619 1970
14 1970
14 619
1972 1971
1973 467
1975 1974
439 1974
1976 1974
1978 1977
1500 1979
491 1979
1980 1750
1982 1981
1984 1983
1985 1983
240 1986
1988 1987
373 198
1990 1989
295 1989
1992 1991
1993 1991
1995 1994
133 1996
134 1996
1284 1996
1994 1996
1998 1997
2000 1999
1009 2001
1014 2002
2003 2002
272 2002
2004 2002
273 2002
48 2005
2007 2006
2009 2008
2011 2010
58 1800
2013 2012
2015 2014
2017 2016
2018 2016
429 2016
669 941
633 941
10 2019
2021 2020
2023 2022
1613 1008
1913 1342
2025 2024
820 2024
2027 2026
239 2026
2028 2026
2030 2029
228 2031
595 2031
228 2032
1129 2032
1130 2032
702 701
1106 827
1485 827
1486 827
1487 827
2033 827
410 827
1163 827
379 827
2035 2034
258 2034
578 2036
1825 2036
602 2037
603 2037
1734 1535
602 1535
869 1535
670 2038
241 2038
99 2038
488 2038
169 2038
170 2038
171 2038
172 2038
173 2038
216 151
2039 151
152 151
2041 2040
2042 2040
2043 2040
2044 2040
2045 2040
437 2040
2041 2044
1089 2044
2043 2044
2040 2044
2046 2044
2048 2047
2050 2049
283 2051
2053 2052
2055 2054
2056 2054
1009 2054
932 2054
2057 2054
2058 2054
552 2059
340 2059
940 2059
264 2059
2060 2059
2061 2059
947 2059
897 2060
513 2062
2063 1810
2064 1810
1161 1810
411 1810
2066 2065
2068 2067
106 109
108 109
1187 2069
580 2070
642 2070
2071 2070
1845 2070
644 2070
2072 2070
581 2070
295 1049
828 1049
2074 2073
876 766
2076 2075
2077 2075
2078 2075
1666 2075
589 1020
2079 1020
1190 1020
571 1020
1182 1183
349 1183
349 1033
114 2080
2082 2081
2084 2083
2085 459
593 2086
389 2087
390 2087
992 2087
1091 2087
392 2087
1260 2087
2088 2087
1266 2087
1267 2087
2090 2089
1484 2089
379 2089
407 2033
2091 2033
410 2033
379 2033
1249 2033
2064 410
411 410
2090 1461
434 1461
2091 1461
2033 1461
379 1461
2091 1462
1542 2092
455 1542
2093 1542
1791 364
2095 2094
2096 2094
1792 2097
2099 2098
2100 2098
2102 2101
2103 2101
163 2104
932 2104
351 2104
2106 2105
1956 2105
2107 300
721 2108
162 2108
1792 2108
368 2108
164 2108
722 2108
2110 2109
1075 1076
2112 2111
1601 2113
114 2114
1691 475
476 475
2115 560
1287 2116
1288 2116
1329 2116
115 781
1575 781
1574 781
1382 2117
2118 2117
1381 2117
2119 2117
2120 2117
1382 2121
1383 2121
1381 2121
2123 2122
436 2124
565 257
690 257
566 257
377 257
692 257
693 257
34 2125
2126 2125
37 2125
2128 2127
2130 2129
2132 2131
2133 2131
283 63
1273 2134
1277 2134
2136 2135
2137 2135
2138 2135
759 2139
760 2139
761 2139
762 2139
2141 2140
2142 2140
872 2142
2144 2143
2146 2145
983 59
984 59
1801 59
2148 2147
2150 2149
39 639
644 639
646 639
2151 1388
2153 2152
2154 2152
319 321
2156 2155
2157 2155
1992 2158
1538 2158
1748 2158
1751 2158
193 2158
2160 2159
2162 2161
2163 2161
2164 2161
2166 2165
2168 2167
893 2169
1889 2169
2171 2170
2172 2170
2173 2170
2171 2174
1598 2175
1160 2175
265 2175
1942 2176
587 2177
795 2177
1854 1700
1860 1700
806 2178
2180 2179
2181 2179
2182 1548
2183 1548
1289 2184
248 2185
307 2186
2053 2187
55 365
99 2188
2158 2188
170 2188
934 936
2189 1561
950 1903
951 1903
2191 2190
2193 2192
2195 2194
2197 2196
2023 2198
2200 2199
2202 2201
2050 2203
2205 2204
1922 2206
2208 2207
901 1616
2209 1616
2210 1616
1672 1616
2211 1616
531 1616
902 1616
1495 1616
1625 1616
1109 1616
2213 2212
885 1357
887 1357
1086 1357
1356 1357
886 1357
1690 1357
2214 1357
1161 67
164 67
165 67
2216 2215
2217 2215
2219 2218
1333 181
2220 182
181 182
2222 2221
2224 2223
1320 2225
2017 2226
876 2226
2227 2226
1981 2226
2225 2226
2229 2228
2230 2228
2231 2228
2232 2228
2233 2228
734 2228
219 220
287 220
716 220
499 2234
1852 2235
2237 2236
1058 2236
587 2236
2114 2236
1861 2236
1862 2236
2100 2236
2235 2238
1861 2238
983 2239
1142 2239
904 2239
1087 2239
1689 2239
321 2239
2240 2239
1429 2239
682 2241
2024 2241
358 2241
2243 2242
454 2244
1427 2244
1698 1701
1276 1701
1277 1701
1699 1701
1104 1701
1592 1931
524 1931
590 1931
529 1931
2091 1931
2089 1931
2033 1931
1461 1931
1462 1931
909 1931
266 1931
943 1931
944 1931
2245 1931
2246 1931
2247 1931
2248 1931
946 1931
947 1931
1575 2249
2250 660
2251 660
2253 2252
2255 2254
2256 2254
2257 811
811 2257
2259 2258
451 2260
2261 2260
2261 451
451 2261
451 2262
2261 2262
452 2262
2263 452
2261 452
554 2264
555 2264
2266 2265
876 1447
683 1447
2268 2267
1087 2269
1463 2269
1450 2269
604 1097
2270 1097
1664 1097
1649 1097
449 1097
1878 1097
1880 1097
2260 1097
605 1097
1887 1097
2271 1097
2272 1097
2273 1097
1679 1097
1001 1097
2275 2274
617 2274
616 2274
2276 2274
2274 2276
2277 2276
595 2278
2280 2279
2282 2281
2283 2281
836 2281
431 436
2285 2284
2286 2284
30 968
31 968
32 968
33 968
866 1101
867 1101
291 1101
868 1101
2288 2287
2289 2287
2290 2289
2276 2289
2292 2291
2291 2292
2294 2293
2295 2293
934 207
2189 207
334 1263
389 1263
2126 1263
992 1263
1091 1263
1257 1263
392 1263
1260 1263
2087 1263
1261 1263
2125 1263
2088 1263
1266 1263
1267 1263
2296 1263
2087 1264
1263 1264
2296 1264
35 1265
2297 1265
335 1265
992 2088
1091 2088
1266 2088
1267 2088
992 1266
1091 1266
392 1266
2088 1266
992 1267
1091 1267
1266 1267
2298 1066
885 2299
887 2299
1086 2299
1356 2299
886 2299
1690 2299
2051 2299
2301 2300
1164 902
902 1164
550 2302
975 2302
2303 2302
421 2304
2305 2304
80 2304
1068 2304
823 2304
2306 2304
586 2304
1058 2304
1304 2304
1305 2304
1449 2304
2302 2304
1361 2304
81 2304
2307 2304
2128 2304
2308 2304
1023 2304
824 2304
2309 2304
2310 2304
2311 2304
1851 2312
1058 2312
2235 2312
444 2312
348 366
213 366
2313 366
433 2314
348 367
2091 367
349 367
14 367
2315 367
68 367
352 367
2316 367
2318 2317
2319 2317
27 2320
1224 2320
2321 2320
2322 970
66 2323
878 2323
628 2323
2325 2324
1875 2326
2327 2326
27 2321
2328 2321
1177 2329
881 2330
34 335
35 335
37 335
2331 1278
2333 2332
1673 1674
1434 2334
720 2335
2337 2336
2339 2338
2340 2338
1342 2341
2342 2341
1342 2343
2344 2343
2342 2343
115 2345
2346 2345
1575 2345
964 2345
2347 2345
212 295
1192 295
2349 2348
2351 2350
2353 2352
746 2352
747 2352
2355 2354
2356 2354
703 2357
704 2357
703 2358
704 2358
2359 2358
2360 2358
2361 2358
2363 2362
2362 2364
1886 2364
2365 124
2366 124
1099 124
2367 124
2369 2368
959 2370
960 2370
1595 1617
2372 2371
2374 2373
604 2375
1884 2375
2376 2375
1664 2375
1364 2375
1880 2375
1665 2375
2377 2375
1000 2375
605 2375
2378 2375
1887 2375
2271 2375
2379 2375
1679 2375
1001 2375
445 2377
2380 2377
2379 2377
72 1361
73 1361
74 1361
1658 1361
965 1361
1304 1361
1305 1361
1358 1361
75 1361
856 1361
2381 1361
2382 1361
1069 1361
2383 1361
2384 1361
2385 1361
2378 1361
2386 1361
1363 1361
2378 2387
79 2388
1854 2388
249 2388
2304 2388
2364 2388
2389 2388
2390 2388
291 2391
1032 2392
348 2313
2394 2393
2396 2395
2393 2395
1622 376
2397 376
2399 2398
2399 2400
2398 2400
1885 2401
1246 266
571 266
1246 828
2403 2402
623 2404
2406 2405
2408 2407
2063 2409
1810 2409
2410 2409
147 153
148 153
2332 2411
2413 2412
2411 2413
847 2414
916 2414
2415 2414
816 2416
141 2417
1465 1325
2418 1325
2419 1325
1325 2418
2419 2418
2420 2018
429 2018
2421 2018
2422 1009
845 1009
1621 1009
1136 1009
571 1009
2423 1009
1338 2424
2425 2381
2426 2381
2427 1583
199 2428
147 199
148 199
149 199
1777 2429
595 2429
2430 2429
2431 2429
2432 2429
96 2429
479 2430
2433 2430
595 2430
2431 2430
2432 2430
2435 2434
258 2035
1603 2436
2132 2436
1605 2436
1606 2436
2438 2437
584 81
585 81
586 81
587 81
2440 2439
1158 1562
1735 2441
2442 281
321 281
376 281
377 281
378 281
379 281
45 281
2444 2443
2446 2445
1173 2445
2448 2447
407 2449
1249 2449
410 2450
2451 1446
761 8
227 8
974 8
2452 8
2453 8
1178 8
7 8
2319 8
1886 8
1001 8
2455 2454
2457 2456
1645 2458
1648 2458
1006 2458
1647 2458
2355 2459
707 2460
2462 2461
650 2463
651 2463
2090 2464
2465 2464
2466 2464
2468 2467
210 2467
2444 2467
2469 2467
2443 2467
2470 2467
347 350
2471 2470
2473 2472
2471 2474
1114 2475
2477 2476
2479 2478
2481 2480
107 2479
2480 2479
817 2482
2483 379
659 1618
2090 1618
407 1618
261 1618
1612 1618
529 1618
2091 1618
2089 1618
2033 1618
1461 1618
1462 1618
660 1618
266 1618
943 1618
379 1618
1619 1618
1494 1618
1872 1618
2484 1618
259 2485
406 2485
338 2485
659 2485
1596 2485
339 2485
340 2485
13 2485
1599 2485
1600 2485
1246 2485
434 2485
408 2485
530 2485
1462 2485
660 2485
266 2485
828 2485
379 2485
1619 2485
1494 2485
944 2485
1166 2485
2245 2485
1727 2485
2486 2485
1629 2485
342 2485
946 2485
947 2485
408 1619
660 1619
379 1619
266 1494
2488 2487
2490 2489
2492 2491
2493 2491
2494 2491
1792 2495
2497 2496
2498 2496
2324 2325
1101 2499
2500 276
586 276
2501 276
485 276
2502 276
1322 2503
1063 2503
2505 2504
2506 2504
2507 2504
2509 2508
1165 2510
2511 1165
2513 2512
2510 2514
1165 2514
2516 2515
835 2517
836 2517
537 2517
1732 602
33 602
2519 2518
2520 2518
834 2521
2208 1419
2207 1419
765 2522
2523 2522
2525 2524
2527 2526
2529 2528
1107 2530
2532 2531
1886 2533
2535 2534
2537 2536
2539 2538
724 2540
2015 2053
2542 2541
2543 2541
2545 2544
724 2544
723 2544
2546 2544
2547 2544
2540 2544
2548 2544
2549 2544
508 2544
2550 2544
2551 2544
336 944
338 944
590 944
339 944
340 944
13 944
1071 944
342 944
946 944
947 944
724 2552
508 2552
2553 2552
2542 2543
508 2554
509 2554
888 889
1320 1985
2225 1985
2556 2555
1320 2555
2557 2555
407 2558
2163 2162
2378 2559
2561 2560
976 2303
1101 2562
2564 2563
1911 1000
2566 2565
540 544
541 544
2568 2567
2570 2569
2571 2569
2220 2569
2572 2569
1080 1082
732 1082
756 757
2574 2573
2575 1268
383 385
2577 2576
1427 2578
2580 2579
2582 2581
986 2581
2204 2205
2397 1622
1934 2583
1820 2583
1227 2584
2586 2585
1001 2585
1336 2586
1883 2587
2363 2587
882 2587
1887 2587
2589 2588
2590 2589
2591 2589
2593 2592
2594 2592
1984 2595
2597 2596
2598 2596
2599 2596
2597 2598
2597 2427
2598 2427
2599 2427
484 2600
485 2600
611 1069
612 1069
747 2601
746 2353
2601 2602
746 2602
747 2602
2137 2603
1336 2604
1336 2605
2585 2605
2586 2605
2604 2605
272 2606
1651 2606
319 2607
2004 2607
63 2607
321 2607
2606 2607
1001 2608
1964 2609
2610 2609
745 793
617 1973
1565 1973
1565 2611
2613 2612
1187 2614
2616 2615
2618 2617
1287 2617
2619 2617
155 1438
690 1438
15 1438
2057 1438
691 1438
692 1438
1887 656
2621 2620
1535 2622
602 2622
2623 2622
2624 2622
603 2622
1733 2623
695 2625
2626 2625
2627 2625
2629 2628
2630 2628
2631 2628
2632 2628
2633 2628
1218 2634
1537 2635
1246 1496
526 1496
527 1496
530 1496
1166 1496
1247 1496
1872 1496
1497 1496
1248 1496
524 1726
525 1726
526 1726
529 1726
1209 1726
530 1726
1166 1726
1247 1726
1872 1726
1497 1726
1248 1726
2637 2636
336 2245
337 2245
338 2245
590 2245
339 2245
340 2245
13 2245
942 2245
379 2245
944 2245
1071 2245
342 2245
2248 2245
946 2245
947 2245
2639 2638
50 2640
1083 1084
2102 2641
2624 1231
2643 2642
2082 2644
820 2645
2647 2646
777 2646
2098 2646
1389 2646
2648 2646
2649 2646
791 1389
1350 1389
1006 2648
1350 2648
1210 1529
2651 2650
2652 2650
2533 605
2502 485
2488 2653
494 2654
39 2654
873 2654
908 2654
1306 2655
1901 2655
1307 2655
1589 2655
893 1831
2656 1831
2657 1831
117 1831
1582 1831
1447 1831
2463 1831
2658 1831
2659 1831
1784 2660
1754 489
1755 489
571 891
298 1394
300 1394
2662 2661
1934 2663
363 2663
2664 469
253 469
2665 469
2667 2666
1586 2668
1584 2668
2670 2669
394 2671
2672 2671
2673 2671
2671 1842
162 368
163 368
164 368
165 368
562 563
2675 2674
2677 2676
2678 2677
2678 2679
2680 2679
2678 2681
1382 2119
2118 2119
2683 2682
1757 2682
1528 2682
2684 2682
1759 2682
1872 2682
2685 2682
742 1214
2687 2686
739 2688
1512 2688
183 2688
764 2688
2689 2687
2691 2690
1608 2692
266 2693
1587 2694
2695 2694
905 2694
325 326
2696 85
2697 85
426 2698
427 2698
1131 2699
377 2700
378 2700
376 1021
1622 1021
2397 1021
2700 1021
1298 674
1299 674
906 674
1813 674
2001 674
281 674
377 674
378 674
1022 674
1301 674
1959 251
1660 2701
2702 2701
453 2703
2704 2703
1464 2703
2705 2703
2138 2703
1427 2703
2707 2706
1543 2708
2079 567
2710 2709
2079 2709
1190 2079
525 1624
530 1624
1495 1624
1166 1624
1247 1624
1109 1624
1248 1624
526 1625
1772 1625
1495 1625
695 2711
2713 2712
581 2072
581 2714
2716 2715
2718 2717
183 2717
2277 2719
55 2720
957 1173
216 2721
2492 2722
934 2722
1710 2722
2723 2722
2494 2722
2724 2722
937 2722
2726 2725
39 193
40 193
178 2727
2728 2727
2730 2729
2300 2359
2360 2359
2731 171
171 2731
163 2315
351 2315
688 1811
346 1811
347 1811
348 1811
671 1811
754 1811
672 1811
349 1811
2104 1811
350 1811
14 1811
2315 1811
932 1811
351 1811
68 1811
352 1811
676 1811
2733 2732
1473 2734
2390 2734
2736 2735
1709 2735
1708 2735
891 2735
1154 9
2737 2410
1000 2738
2740 2739
78 2741
2742 2741
2743 2741
2744 2741
1686 2745
2747 2746
2748 2746
2749 2746
2750 2746
2751 2746
2747 2750
2749 2750
2752 2750
700 2753
1319 2753
701 2753
1582 2753
2380 2753
1886 2753
2755 2754
291 2754
2757 2756
326 2758
2760 2759
1864 2761
189 194
190 194
1968 2028
355 2762
357 2762
359 2762
1800 2763
1040 2763
2764 2763
2765 2763
356 357
358 357
359 357
2767 2766
2768 2766
2770 2769
728 2769
2772 2771
2774 2773
2773 2775
2774 2775
2777 2776
849 2778
2778 2779
2781 2780
2782 2780
2568 2780
1575 2783
584 2784
1803 2784
2479 2784
291 2784
2786 2785
2152 2785
2154 2785
1563 2787
901 1626
1370 1626
1488 1626
1591 1626
1609 1626
902 1626
1164 1626
1494 1626
2510 1626
1165 1626
214 1626
2788 1626
1757 1759
891 2789
571 2789
2791 2790
1166 1247
1248 1247
530 1872
1166 1872
1247 1872
2793 2792
949 2792
2306 2794
2307 2794
2128 2794
2374 2795
101 2374
1397 809
401 404
641 404
499 2796
272 2797
2798 2797
2800 2799
2802 2801
2799 2802
2800 2802
218 2803
219 2803
1866 2803
2804 2803
2806 2805
2616 2807
1537 2808
421 2308
823 2308
2306 2308
1968 2308
2453 2308
742 2308
2809 2308
2307 2308
2128 2308
2810 2308
824 2308
2811 2308
823 2810
742 2810
824 2810
1909 1780
871 1780
593 2812
2813 2812
182 2812
2814 2812
2816 2815
2818 2817
2000 2819
2820 2819
1465 2819
2821 2819
2822 2819
291 2819
2634 2819
2823 2819
2824 2819
2825 2819
2826 2819
2827 2819
2828 2819
799 2819
2829 2819
2830 2819
50 2831
890 2832
2687 2832
2833 2832
2834 2833
2689 2833
2835 2833
2759 2836
2009 2837
149 2837
2374 2837
2839 2838
2840 2838
2841 2838
2840 2839
2841 2839
201 202
2842 202
2844 2843
791 1362
2846 2845
874 2845
239 2845
446 2845
2847 2845
1095 2845
1480 2845
2848 2845
1680 2845
458 2845
1812 2845
2695 2845
2694 2845
809 2845
1678 2845
957 2849
2851 2850
2851 2852
2854 2853
1350 2853
119 2855
2355 2856
2356 2856
2616 2856
2355 2857
2356 2857
2616 2857
2856 2857
2858 2857
2860 2859
1846 1326
1324 1326
2257 1326
2861 2685
2863 2862
1235 2862
2865 2864
1926 2864
162 164
1792 164
107 962
2867 2866
591 2061
1860 2389
2868 2389
1854 2869
1862 1860
847 386
2870 2384
2383 2870
772 2871
914 2871
963 2871
773 2871
915 2871
2873 2872
2455 2872
2454 2872
2874 2872
155 15
66 2875
2819 2876
2878 2877
104 1270
105 1270
407 2486
1109 2486
208 2879
739 183
764 183
903 2880
1139 2880
2185 2880
2881 2880
2882 2880
247 2883
445 2883
2884 2883
2885 2883
2886 2883
248 2883
2887 2883
1848 2883
2888 2883
2889 2883
2890 2883
1658 2883
115 2883
2847 2883
2891 2883
1910 2883
1657 2883
2892 2883
2893 2883
2894 2883
1720 2883
1914 2883
2453 2883
1929 2883
2895 2883
2896 2883
2897 2883
2026 2883
2114 2883
2156 2883
2157 2883
2155 2883
2533 2883
742 2883
2585 2883
2586 2883
2608 2883
2681 2883
2898 2883
2078 2883
2899 2883
2753 2883
2308 2883
2810 2883
2900 2883
1912 2883
2901 2883
2271 2883
2902 2883
2903 2883
2904 2883
1346 2881
1449 2881
1914 2881
1463 2881
2308 2881
2810 2881
2271 2881
2902 2881
2903 2881
2905 2881
445 2906
955 2906
1304 2882
2185 2882
124 1099
2908 2907
1342 2342
2907 2342
2910 2909
926 2909
2911 2909
2910 2912
926 2912
2913 629
2914 2385
1246 1184
2916 2915
1030 2916
2865 2782
2781 2782
2917 2814
1831 2814
1505 2814
2919 2918
1277 2918
582 2920
1846 2920
1063 2920
1324 2920
2116 2920
276 2920
484 2920
1326 2920
2921 2920
1323 2921
1966 2921
1719 2921
2619 2921
413 2922
414 2922
415 2922
2923 2922
1310 2922
2378 2924
2926 2925
2078 2925
1167 2327
475 2927
476 2927
2928 1234
1234 2929
778 2649
779 2649
2931 2930
29 2932
968 2932
1824 2933
2594 2934
2346 2347
980 2347
578 2935
1825 2935
155 2935
1824 2935
619 2935
14 2935
1438 2935
15 2935
2933 2935
579 2935
2937 2936
2938 2936
2939 2936
2940 2936
2937 2940
2939 2940
2942 2941
2925 2941
2943 2941
2944 2941
1287 2944
1288 2944
1329 2944
844 2945
2947 2946
467 2946
2948 2946
599 2946
2933 2946
2949 2946
2951 2950
2952 2950
692 922
2953 2045
2537 2045
437 2045
1054 2954
867 1127
2954 1127
352 1127
2956 2955
1333 186
2764 186
2765 186
779 186
823 824
587 824
595 2431
595 2432
96 2432
480 96
2958 2957
334 2296
2959 2296
1260 2296
2960 2296
595 97
2962 2961
2963 2697
2964 1843
2966 2965
2967 2965
2965 2968
654 2968
2966 2968
2965 653
2965 654
2966 654
2965 2966
654 2966
268 2969
2965 2969
25 2969
872 2970
867 2970
352 2970
515 2971
516 2971
1615 718
2973 2972
1136 2972
932 351
162 722
2975 2974
2976 2659
2976 2977
2659 2977
1799 46
682 2978
2567 2978
2980 2979
2982 2981
1274 2983
1274 2982
2983 2982
2230 2233
588 2984
883 2984
756 2984
706 2984
363 2984
707 2984
436 2984
757 2984
14 2984
523 2984
2985 2984
986 2984
2559 2378
690 691
690 692
162 165
1050 2986
1335 2987
1998 187
184 187
185 187
107 2988
187 2988
682 2989
683 2989
684 2989
1003 1448
1734 1628
869 1628
682 2990
2227 2990
593 2990
684 2990
1448 2990
2991 2990
2992 2990
779 2990
755 2993
19 2994
2995 1374
2017 429
916 2996
163 369
2998 2997
1543 2997
1543 2998
3000 2999
3001 2999
3002 2999
3001 3002
1529 3003
1210 3003
123 125
124 125
126 125
125 126
3005 3004
2516 3006
2626 2246
444 2868
511 3007
3009 3008
3010 3008
2937 3011
2939 3011
690 1061
671 1061
2055 1061
377 1061
378 1061
379 1061
163 1061
2057 1061
691 1061
692 1061
1152 3012
2545 2551
294 297
3013 2858
2355 2858
2616 2858
2856 2858
3015 3014
1696 3016
2055 3016
3017 3016
2055 3018
399 3019
400 3019
423 3020
3021 3020
3021 2309
3023 3022
3025 3024
1434 3026
3028 3027
2860 3028
1614 3029
1533 3029
2318 2319
303 3030
304 3030
3032 3031
3033 28
2328 28
2764 2765
2039 3034
199 3034
551 3034
809 3035
3037 3036
1648 3038
1006 3038
3039 3038
1646 1027
1875 1027
1074 1077
1078 1077
1074 1078
20 3040
21 3040
281 3041
2556 3042
2557 3042
3044 3043
3046 3045
3047 3045
3046 3047
3048 3047
3050 3049
3051 3049
564 1036
688 1036
1298 1036
1299 1036
1782 1036
1783 1036
1813 1036
2055 1036
1009 1036
281 1036
377 1036
378 1036
379 1036
14 1036
1021 1036
567 1036
2709 1036
571 1036
579 1036
1035 1036
1037 1036
2058 1036
2385 2386
3053 3052
3055 3054
2900 3056
1975 1976
439 1976
3058 3057
3059 3057
2481 2568
3060 2568
649 3061
2917 3061
2821 3061
2219 3061
1335 3061
3060 3061
599 3061
3062 3061
2764 3061
2765 3061
2568 3061
3063 3061
2844 3061
2830 3061
1333 3063
1003 3063
1332 3063
1334 3063
766 3063
2814 3063
186 3063
2990 3063
2764 3063
2765 3063
779 3063
3065 3064
1457 3066
454 3066
1458 3066
3026 3066
1427 3066
3068 3067
325 3067
326 3067
327 3067
3068 3069
71 3070
72 3070
73 3070
611 3070
1067 3070
1359 3070
1645 3070
2155 3070
856 3070
1361 3070
612 3070
906 3071
1427 3072
3072 3073
3074 3073
2995 3074
3075 1088
885 1088
887 1088
1356 1088
886 1088
1690 1088
488 3076
2056 3077
3078 2099
1752 3079
3081 3080
3083 3082
850 3082
852 3082
3084 850
3086 3085
3088 3087
1214 3089
444 3089
2339 3090
2340 3090
203 3091
932 68
1522 68
350 711
3092 2280
2280 3093
1109 3094
3095 3017
1704 3096
96 3096
382 3097
2830 3098
1485 1168
1486 1168
1487 1168
1489 1168
1498 1168
1169 1168
1597 1169
1612 1169
1178 3099
3101 3100
2760 3102
3103 3102
181 3102
182 3102
2849 3102
184 3102
610 3104
3105 1037
376 1037
2700 1037
2058 1037
3106 699
1089 699
698 699
2040 699
370 699
3108 3107
3109 3108
523 3110
3112 3111
3113 3112
1119 3114
3112 3115
68 3116
768 3117
769 3117
982 3117
3119 3118
2633 3120
2240 3121
115 3122
1575 3122
1574 3122
2345 3122
1420 3122
2820 3123
3124 3123
115 3125
2793 3125
119 3125
258 3126
244 3127
245 3127
3128 2247
3130 3129
3130 2713
3132 3131
3133 1589
2378 3133
3135 3134
99 3136
1297 3136
1015 3136
460 3136
461 3136
2725 3136
3138 3137
3139 3137
2371 3137
3140 3137
2335 720
3142 3141
1910 3143
1720 3143
610 3143
302 3144
1910 3144
3143 3144
610 3144
3143 3145
2586 3146
2509 3147
2992 2991
1448 2992
779 2992
779 3148
1003 779
569 3149
3150 569
3033 2328
1495 2328
752 282
950 1904
1902 1904
3152 3151
1358 1363
869 648
33 648
3154 3153
3155 1832
3156 1832
150 1344
3157 217
599 217
945 3158
3160 3159
4 3161
1562 3161
2433 11
2605 11
1920 3162
3164 3163
338 1071
341 1071
2731 1071
1196 242
3166 3165
2691 3167
3169 3168
3170 3168
3172 3171
3173 3171
3170 3169
2710 3174
1621 3174
911 3175
383 3175
385 3175
108 3176
2284 3176
3178 3177
934 3179
3180 3179
3180 3181
771 3182
2505 2506
105 3183
949 3184
3186 3185
3187 3185
3186 3188
1602 3187
3186 3187
2889 2901
3190 3189
3055 3189
790 1350
791 1350
3192 3191
3193 1272
2126 1272
2125 1272
3194 1272
1777 3195
595 3195
3196 2007
3197 2007
3198 2007
3200 3199
3202 3201
1749 172
861 172
170 172
1622 3203
3204 3203
220 3204
1562 3204
3205 2361
140 3206
141 3206
545 3206
3208 3207
3140 3209
2806 3210
3211 3210
3213 3212
1585 1590
2523 3214
3072 3214
3216 3215
525 246
530 246
525 3217
530 3217
821 822
3219 3218
916 3218
3220 3218
1952 3218
1875 3218
3222 3221
58 1801
1088 1801
3224 3223
3225 1887
2847 1887
1879 1887
605 1887
3226 1887
1886 1887
2271 1887
893 2271
3227 2271
1451 3228
1309 1451
3000 3229
3001 3229
2999 3229
3002 3229
1087 2905
1463 2905
2269 2905
1088 2905
568 2379
655 2379
2270 2379
1880 2379
702 2379
3230 2379
1178 2379
605 2379
2380 2379
1886 2379
3149 2379
3231 2379
2271 2379
2273 2379
3232 548
346 2828
2316 2828
932 352
798 799
3233 799
591 342
407 342
3235 3234
1977 1978
3227 3236
3238 3237
3240 3239
588 2985
757 2985
1298 1301
769 3241
2830 2829
936 2804
890 2804
2803 2804
2933 2949
932 2058
3243 3242
2502 2311
3227 2311
1886 2273
485 2904
2502 2904
2311 2904
3245 3244
3246 3244
3248 3247
338 2248
590 2248
339 2248
340 2248
591 2248
947 2248
336 946
338 946
590 946
339 946
340 946
944 946
1071 946
342 946
2248 946
947 946
590 947
1071 947
2248 947
3250 3249
1592 3251
845 3251
1136 3251
2793 1679
905 1679
1592 3252
679 3252
1014 3252
1934 3252
525 3252
1488 3252
529 3252
1031 3252
1032 3252
530 3252
1946 3252
660 3252
571 3252
1077 3252
2251 3252
524 3253
784 3253
1934 3253
529 3253
1933 3253
776 3253
258 3253
2251 3253
163 676
3254 1755
2582 986
1754 3255
1753 3255
1755 3255
602 603
3257 3256
3058 3258
3254 3258
1754 3258
1755 3258
3260 3259
3261 473
729 731
730 731
263 3262
3263 2830
